tree
version=v3
num_class=1
num_tree_per_iteration=1
label_index=0
max_feature_idx=33
objective=regression
feature_names=Column_0 Column_1 Column_2 Column_3 Column_4 Column_5 Column_6 Column_7 Column_8 Column_9 Column_10 Column_11 Column_12 Column_13 Column_14 Column_15 Column_16 Column_17 Column_18 Column_19 Column_20 Column_21 Column_22 Column_23 Column_24 Column_25 Column_26 Column_27 Column_28 Column_29 Column_30 Column_31 Column_32 Column_33
feature_infos=[0:23.629999999999999] [-0.93000000000000005:7.5599999999999987] [-1:7.5999999999999988] [-7.3799999999999999:3.5099999999999998] [-41.75:0] [-28.129999999999999:6.0300000000000002] [0:10] [-28.109999999999999:5.6799999999999997] [0:1051.23] [-27.039999999999999:6.2999999999999998] [0:1.29] [0:2.9700000000000002] [0:4.0700000000000003] [0:4.2999999999999998] [0:4.2999999999999998] [0:100.23999999999999] [0:100.2] [0:87.5] [0:95.140000000000001] [0:94.540000000000006] [-27.899999999999999:7.6699999999999999] [0:903.34000000000003] [-38.259999999999998:0] [-31.260000000000002:0] [-25.789999999999999:4.9900000000000002] [-22.149999999999999:9.8300000000000001] [-20.809999999999999:11.24] [0:10] [0:0.92000000000000004] [-4.5:49.299999999999997] [-3.3999999999999999:28.199999999999999] [-4.7000000000000002:13] [-2:6.9000000000000004] [-1.6000000000000001:6.7000000000000002]
tree_sizes=2635 2626 2641 2639 2656 2653 2642 2629 2653 2671

Tree=0
num_leaves=31
num_cat=0
split_feature=25 21 4 23 13 13 12 21 3 31 4 3 27 20 4 20 29 3 21 15 33 8 30 11 22 15 23 21 22 33
split_gain=3229.11 4018.57 1622.55 1322.68 1964.63 1066.24 1513.28 1070.39 997.571 746.268 696.4 652.306 585.173 696.298 722.206 594.084 562.407 368.437 353.944 343.321 331.437 328.296 382.307 321.247 320.975 264.392 202.606 183.669 331.844 242.948
threshold=1.9300000000000002 889.35000000000014 -14.754999999999997 -11.144999999999998 0.47500000000000003 1.1050000000000002 2.2900000000000005 889.22500000000014 1.0000000180025095e-35 9.0500000000000025 -37.074999999999996 -0.7649999999999999 0.19500000000000003 -9.6099999999999977 -18.884999999999994 -12.529999999999999 20.850000000000005 -0.59499999999999986 899.51499999999999 93.750000000000014 3.2500000000000004 1029.0800000000002 15.550000000000002 0.39500000000000007 -23.614999999999998 20.035000000000004 -26.004999999999995 897.66499999999996 -32.099999999999994 1.6500000000000001
decision_type=2 2 2 2 2 2 2 2 2 2 2 2 2 2 2 2 2 2 2 2 2 2 2 2 2 2 2 2 2 2
left_child=1 2 12 4 10 -2 8 -8 24 19 -3 -5 13 15 20 -1 18 -14 25 21 -15 22 -6 26 -7 -12 -18 28 -23 -30
right_child=5 3 -4 11 9 6 7 -9 -10 -11 16 -13 17 14 -16 -17 23 -19 -20 -21 -22 27 -24 -25 -26 -27 -28 -29 29 -31
leaf_value=-14.686507820346476 -14.941829984151049 -19.328502109675316 -25.53939387412435 -13.860185044125382 -10.668115890054612 -6.5465608153754253 -18.268332948402229 -9.887152755639244 -10.283659973037377 -4.6676766608946529 -16.988333085790934 -19.967973712084707 -20.049908780075413 -13.314327425219386 -8.1227776339805757 -19.888405732644653 -9.1072464029711355 -15.941829814979041 -18.300346965209307 -13.748484815455955 -18.264550214695028 -6.7185183763233889 -4.7666665655955889 -15.173765435433054 -1.627160407220984 -12.406209152759658 -12.370808019016936 -12.854970656721482 -9.8186379761813019 -12.933597864822213
leaf_weight=42 34 23 22 36 23 21 20 64 34 22 20 34 61 38 20 46 23 34 32 33 21 21 21 36 36 34 110 38 62 42
leaf_count=42 34 23 22 36 23 21 20 64 34 22 20 34 61 38 20 46 23 34 32 33 21 21 21 36 36 34 110 38 62 42
internal_value=0 -0.818946 -3.92617 0.627696 1.15787 3.54709 4.54267 1.48196 7.36793 3.12265 -0.693837 -3.46219 -3.23354 -2.10636 0.0487432 -4.04105 -0.218501 -5.21501 -2.30035 2.61167 -1.71163 3.08922 5.51312 0.840902 9.92507 -0.738656 1.5582 2.43492 3.02019 2.28803
internal_weight=0 894 284 610 540 209 175 84 91 262 278 70 262 167 79 88 255 95 86 240 59 207 44 169 57 54 133 163 125 104
internal_count=1103 894 284 610 540 209 175 84 91 262 278 70 262 167 79 88 255 95 86 240 59 207 44 169 57 54 133 163 125 104
shrinkage=1


Tree=1
num_leaves=31
num_cat=0
split_feature=33 29 17 30 13 19 16 16 16 3 14 10 23 10 23 24 3 29 13 3 16 10 11 12 9 8 10 25 31 3
split_gain=433.886 224.188 411.241 617.389 267.17 273.921 253.208 162.256 194.964 161.441 380.019 352.498 271.031 224.954 178.103 200.051 152.495 173.534 208.359 152.295 151.775 139.163 137.325 104.482 101.485 99.9137 140.281 98.1196 91.852 90.6383
threshold=-0.84999999999999998 26.750000000000004 22.955000000000002 16.449999999999999 1.3950000000000002 36.050000000000004 38.595000000000006 12.935 48.805000000000007 -1.2549999999999997 1.2250000000000003 0.37500000000000006 -4.7649999999999988 0.46500000000000002 -12.639999999999999 -9.134999999999998 1.0350000000000004 11.350000000000003 1.0050000000000001 -2.4549999999999996 49.250000000000007 0.20500000000000004 0.20500000000000004 0.76500000000000012 -12.674999999999999 1025.2450000000001 0.14500000000000005 -2.8149999999999995 6.2500000000000009 -2.6249999999999996
decision_type=2 2 2 2 2 2 2 2 2 2 2 2 2 2 2 2 2 2 2 2 2 2 2 2 2 2 2 2 2 2
left_child=-1 9 3 -3 5 7 22 -4 -9 10 11 14 13 16 15 28 17 -11 20 -12 23 -8 -7 24 -19 26 -16 -10 -2 -17
right_child=1 2 4 -5 -6 6 21 8 27 12 19 -13 -14 -15 25 29 -18 18 -20 -21 -22 -23 -24 -25 -26 -27 -28 -29 -30 -31
leaf_value=4.6152938008308411 1.3423759505372153 -2.2909071490168573 -3.8007715138895759 4.9311953207542158 -3.8218492486260156 0.66933287735338565 -2.0272692358176712 0.060937053882158719 -1.508898944270854 1.2629664343519089 5.4438778389067881 -2.48850167542696 2.7686573752650507 1.1451188903006295 -0.95113207791980947 1.3563333806537448 -2.8157210941181372 -0.054229382425546646 -3.2092732241791158 1.5881179794669151 1.2888966202735901 0.71690111088030262 4.1265525221824646 0.54735506411928392 -2.674951042069329 -1.8945887994918702 2.0300115713918649 -3.9768452234566212 -0.2154092246027135 4.0650947888692217
leaf_weight=20 87 20 29 29 33 27 42 65 49 39 21 39 27 63 38 21 38 22 36 20 35 33 20 26 45 31 27 24 67 30
leaf_count=20 87 20 29 29 33 27 42 65 49 39 21 39 27 63 38 21 38 22 36 20 35 33 20 26 45 31 27 24 67 30
internal_value=0 -0.0852317 -0.715528 1.9834 -1.12623 -0.81843 0.320619 -1.65055 -1.19869 0.243195 0.687027 0.340216 -0.267681 -0.537356 0.706728 1.23312 -0.977173 -0.633012 -1.08388 3.56302 -0.486119 -0.819834 2.14049 -1.15414 -1.81442 -0.417343 0.287189 -2.32028 0.664638 2.94972
internal_weight=0 1083 371 49 322 289 122 167 138 712 381 340 331 304 301 205 241 203 164 41 128 75 47 93 67 96 65 73 154 51
internal_count=1103 1083 371 49 322 289 122 167 138 712 381 340 331 304 301 205 241 203 164 41 128 75 47 93 67 96 65 73 154 51
shrinkage=1


Tree=2
num_leaves=31
num_cat=0
split_feature=0 3 0 20 16 19 9 8 21 30 33 15 31 22 9 15 30 22 8 11 3 13 11 17 15 23 20 16 16 1
split_gain=220.168 94.2752 140.829 145.595 105.376 209.074 103.81 102.651 157.012 84.0438 75.0572 66.007 117.06 131.412 122.122 114.223 79.0202 77.3173 62.4336 62.1375 57.1206 57.4665 51.58 48.8646 48.2307 89.1258 62.0872 59.7116 67.0685 53.3067
threshold=3.6450000000000005 0.21500000000000002 10.795000000000002 -1.6549999999999998 11.250000000000002 16.525000000000002 -7.9949999999999992 1019.2400000000001 883.09500000000014 10.350000000000003 2.7500000000000004 57.140000000000008 3.8500000000000001 -30.044999999999998 -4.6849999999999996 29.750000000000004 17.650000000000002 -27.789999999999996 1025.6250000000002 0.10500000000000002 -2.4149999999999996 0.93500000000000016 0.84499999999999997 19.220000000000002 20.535000000000004 -9.2649999999999988 -6.5749999999999993 71.250000000000014 47.050000000000004 1.5150000000000003
decision_type=2 2 2 2 2 2 2 2 2 2 2 2 2 2 2 2 2 2 2 2 2 2 2 2 2 2 2 2 2 2
left_child=-1 4 3 9 6 -6 10 8 -7 -3 23 15 17 -14 -15 19 18 -13 -17 -9 -8 -22 -20 -2 25 26 27 28 -21 -26
right_child=1 2 -4 -5 5 7 20 11 -10 -11 -12 12 13 14 -16 16 -18 -19 22 24 21 -23 -24 -25 29 -27 -28 -29 -30 -31
leaf_value=-1.5267812695311405 0.37414436271557439 -0.62272234383272007 -0.8860810308864242 3.1943045796886569 -3.1477761096928432 0.32760497862878052 0.20496630668640137 -1.4254286341045215 -3.3674256594284722 1.3379910537514135 1.111937262595464 -1.1372411589070064 3.5931364013390108 -0.92099991782257951 2.4248190090060233 -2.3687385595921011 0.74874056292616797 1.0420690074011132 -1.2759040093295417 -0.049599878537326544 3.02430111338054 0.88181249087765101 0.60882543697953229 -1.435701310634613 2.1676770709455013 -1.6092731993773888 1.6772211280271963 -1.4923169938000767 1.6975104430759396 0.43417282632606868
leaf_weight=87 26 32 38 31 23 23 21 23 23 69 39 41 22 24 20 36 23 27 53 118 31 21 20 35 24 29 27 22 27 68
leaf_count=87 26 32 38 31 23 23 21 23 23 69 39 41 22 24 20 36 23 27 53 118 31 21 20 35 24 29 27 22 27 68
internal_value=0 0.130738 0.810274 1.29862 -0.00581166 -0.184749 0.690286 -0.0799035 -1.51991 0.716775 0.0284376 0.0297659 0.648883 1.5976 0.599827 -0.146748 -0.935606 -0.271927 -1.29102 0.161326 1.59693 2.15907 -0.75954 -0.664292 0.277184 0.0258523 0.270278 0.0428085 0.275724 0.886391
internal_weight=0 1016 170 132 846 673 173 650 46 101 100 604 134 66 44 470 132 68 109 338 73 52 73 61 315 223 194 167 145 92
internal_count=1103 1016 170 132 846 673 173 650 46 101 100 604 134 66 44 470 132 68 109 338 73 52 73 61 315 223 194 167 145 92
shrinkage=1


Tree=3
num_leaves=31
num_cat=0
split_feature=20 20 8 16 11 11 1 23 4 3 10 21 3 21 30 9 11 1 1 15 24 7 31 1 3 20 5 30 13 21
split_gain=71.2861 116.976 114.335 80.7146 84.984 70.884 92.1616 68.5902 63.7714 49.8812 46.6302 60.9083 59.4941 37.8676 37.1953 36.2765 53.3244 74.2531 54.1363 39.7538 42.6905 68.0648 57.0636 34.4071 34.243 30.0609 40.9781 34.4071 30.0211 28.3067
threshold=-4.0649999999999986 -3.0949999999999993 1018.1300000000001 55.000000000000007 1.1050000000000002 0.71500000000000008 3.5000000000000004 -7.2849999999999993 -19.639999999999997 -2.9349999999999996 0.14500000000000005 892.47000000000014 1.0350000000000004 889.28499999999997 13.15 -18.814999999999994 0.14500000000000005 1.1450000000000002 3.3750000000000004 85.140000000000015 -13.114999999999997 -14.324999999999998 8.5500000000000007 4.6550000000000011 -0.72499999999999987 -12.069999999999999 -8.5849999999999991 15.850000000000003 0.51500000000000012 890.27499999999998
decision_type=2 2 2 2 2 2 2 2 2 2 2 2 2 2 2 2 2 2 2 2 2 2 2 2 2 2 2 2 2 2
left_child=2 -2 -1 4 8 7 9 15 -3 -7 11 -11 13 -12 -15 -4 18 -18 -17 20 -19 -22 25 -24 -16 -23 27 -27 -20 -28
right_child=1 3 5 -5 -6 6 -8 -9 -10 10 12 -13 -14 14 24 16 17 19 28 -21 21 22 23 -25 -26 26 29 -29 -30 -31
leaf_value=1.9727827496826649 -2.3007963197305799 -0.87226438662800632 0.77213155093010177 1.4062896080028553 -2.4201569672673942 1.3653546462417581 -1.882161993426936 2.0647793233394625 0.64294205562156792 -1.9721629340201616 1.0514097258639641 0.21958956920674869 -1.4626894330978393 -0.58277045397732696 -0.21574246257543564 -1.3451481554269169 1.721478234616018 -0.44040116809214219 0.98083700045295386 -1.0582816079258919 1.5988336015259847 -0.30728024080759142 -1.6786157229672307 0.070646155286918991 1.4948778125372799 0.64791624199437059 -0.46168814096170918 2.069997531189411 -0.63487562537193298 0.98498076590753736
leaf_weight=32 32 61 88 26 20 20 35 20 51 32 39 21 25 65 25 48 31 79 23 27 40 41 23 22 22 46 38 27 23 21
leaf_count=32 32 61 88 26 20 20 35 20 51 32 39 21 25 65 25 48 31 79 23 27 40 41 23 22 22 46 38 27 23 21
internal_value=0 -0.55728 0.115973 -0.204163 -0.521373 0.0485291 -0.362729 0.244169 -0.182304 -0.149154 -0.281425 -1.10373 -0.0337988 0.202773 -0.0927351 0.181063 0.0746952 0.235787 -0.602234 0.109259 0.2028 0.39975 0.179734 -0.823421 0.584973 0.440671 0.672989 1.17389 0.172981 0.0532279
internal_weight=0 190 913 158 132 881 284 597 112 249 229 53 176 151 112 577 489 395 94 364 337 258 218 45 47 173 132 73 46 59
internal_count=1103 190 913 158 132 881 284 597 112 249 229 53 176 151 112 577 489 395 94 364 337 258 218 45 47 173 132 73 46 59
shrinkage=1


Tree=4
num_leaves=31
num_cat=0
split_feature=25 8 21 25 21 4 12 16 29 1 32 32 3 1 16 15 21 12 13 3 29 23 21 32 1 30 13 9 29 8
split_gain=49.3989 48.1166 69.5737 72.7808 59.6637 57.002 52.9455 49.6563 46.0955 43.0352 41.2153 41.0183 39.0198 34.415 33.9155 45.9481 35.4459 62.0255 66.3874 30.9613 30.2459 32.6553 48.358 29.3486 28.0128 29.5167 34.4213 30.3077 29.3457 26.8348
threshold=6.955000000000001 1021.4400000000002 889.22500000000014 1.0650000000000002 886.36500000000012 -14.464999999999998 0.93500000000000016 36.975000000000009 28.450000000000003 3.6650000000000005 3.6500000000000008 0.95000000000000007 -0.7649999999999999 5.3650000000000011 6.620000000000001 9.3750000000000018 892.41499999999996 0.77500000000000013 0.48500000000000004 1.0350000000000004 23.550000000000004 -11.034999999999998 890.81000000000006 1.2500000000000002 0.6150000000000001 5.8500000000000005 0.71500000000000008 -15.074999999999998 31.850000000000005 1043.7700000000002
decision_type=2 2 2 2 2 2 2 2 2 2 2 2 2 2 2 2 2 2 2 2 2 2 2 2 2 2 2 2 2 2
left_child=1 4 3 6 5 9 7 10 -8 11 -3 -1 -13 14 -4 29 17 18 -17 24 21 -19 -23 -24 -18 -26 27 -27 -29 -16
right_child=-2 2 13 -5 -6 -7 8 -9 -10 -11 -12 12 -14 -15 15 16 19 20 -20 -21 -22 22 23 -25 25 26 -28 28 -30 -31
leaf_value=0.12945410944521427 1.3896647766232491 0.041322584140975518 0.66076695626857229 2.3990327134728431 -1.7516162944957614 0.95772561394879896 -0.90128624371506949 2.2870000600814819 0.64899564490598793 0.25127596389024687 1.6967019538084667 -0.72567085355520244 -2.551710596646775 1.1191610421823419 -1.4901845687069 0.074724341991047064 -0.93963989189692909 -1.2583009364704292 -1.8000097318424606 1.130981057882309 1.0142926383220281 0.95901924682160222 -1.4969790051691234 -0.00039639990580709358 1.2495516776328994 0.23003533017529931 0.59314705786834421 -0.28450638730207395 -1.5546273414207541 -0.1999320603079266
leaf_weight=20 25 53 51 20 32 31 44 20 34 39 21 25 22 23 40 30 28 24 51 27 24 36 20 38 21 91 76 87 23 27
leaf_count=20 25 53 51 20 32 31 44 20 34 39 21 25 22 23 40 30 28 24 51 27 24 36 20 38 21 91 76 87 23 27
internal_value=0 -0.0322278 0.0588682 0.593493 -0.522206 -0.235044 0.383547 0.888945 -0.225522 -0.583873 0.511092 -1.07 -1.58041 -0.0842951 -0.124179 -0.186438 -0.0952671 -0.407376 -1.10566 0.101901 -0.00905739 -0.217196 0.0486175 -0.516459 0.0166705 0.106525 0.0198697 -0.196892 -0.550077 -0.970232
internal_weight=0 1078 909 192 169 137 172 94 78 106 74 67 47 717 694 643 576 223 81 353 142 118 94 58 326 298 277 201 110 67
internal_count=1103 1078 909 192 169 137 172 94 78 106 74 67 47 717 694 643 576 223 81 353 142 118 94 58 326 298 277 201 110 67
shrinkage=1


Tree=5
num_leaves=31
num_cat=0
split_feature=0 15 29 23 4 12 17 31 12 29 23 20 17 22 29 23 15 10 11 25 17 27 18 24 27 8 26 25 9 11
split_gain=87.1984 123.555 70.9166 59.4901 71.9795 102.092 62.5905 73.2546 60.0137 92.1987 154.947 104.714 57.0268 55.3095 51.634 61.6164 49.7342 62.1742 49.511 48.3775 47.2763 45.5649 53.7785 123.898 54.3266 44.6193 43.6371 42.5998 40.9601 35.6891
threshold=1.0000000180025095e-35 17.830000000000002 42.800000000000004 -8.3149999999999995 -14.884999999999998 1.3750000000000002 35.945000000000007 9.5500000000000025 0.23500000000000001 25.850000000000005 -13.565 -9.5299999999999976 42.935000000000009 -25.549999999999994 14.350000000000003 -16.674999999999997 34.675000000000004 0.095000000000000015 1.0650000000000002 -0.40499999999999997 44.010000000000012 9.7300000000000022 39.055000000000007 0.94000000000000006 0.98000000000000009 1036.2900000000002 -0.96499999999999986 -2.2249999999999996 -0.43499999999999994 0.22500000000000003
decision_type=2 2 2 2 2 2 2 2 2 2 2 2 2 2 2 2 2 2 2 2 2 2 2 2 2 2 2 2 2 2
left_child=1 -1 3 4 5 6 7 8 -2 14 -11 -12 -3 -5 -10 29 17 -17 -6 27 -8 22 23 28 -24 -22 -19 -18 -15 -16
right_child=2 12 -4 13 18 -7 20 -9 9 10 11 -13 -14 21 15 16 19 26 -20 -21 25 -23 24 -25 -26 -27 -28 -29 -30 -31
leaf_value=2.9716074299067259 -0.53413477836659662 1.0967520319391042 -1.7118092904177804 -2.0378604605793953 0.37062651400143903 -2.0985353670659519 -0.64900490901314878 -1.0084280794536746 1.5778096301051288 0.55864119878970087 4.5185677111148834 1.3213627253259932 -0.9947098276091062 -0.034676161031321887 0.14228539041790139 -0.69191687146113035 -1.221428196715272 -0.053974999436016739 2.4475139990787613 -1.9030762291871584 0.77612441066171856 1.1381289482116699 -0.44095371328294275 2.2282363730482757 -2.3201101505756379 -0.56847307643648692 1.5843493824390493 0.63058039573607616 -1.5875146858967268 1.8234480741832937
leaf_weight=24 54 32 24 20 24 21 142 37 26 96 20 21 22 49 23 42 23 29 22 26 62 20 40 20 25 41 37 27 26 28
leaf_count=24 54 32 24 20 24 21 142 37 26 96 20 21 22 49 23 42 23 29 22 26 62 20 40 20 25 41 37 27 26 28
internal_value=0 1.08373 -0.0130824 0.0276463 0.149462 0.0754688 0.137668 0.344365 0.455103 0.589321 1.25365 2.88097 0.244675 -0.460227 0.240614 0.0926685 -0.176913 0.259214 1.36392 -0.796673 -0.274883 -0.284934 -0.462817 0.0167391 -1.16371 0.240896 0.86448 -0.221344 -0.572994 1.06528
internal_weight=0 78 1025 1001 801 755 734 489 452 398 137 41 54 200 261 235 184 108 46 76 245 180 160 95 65 103 66 50 75 51
internal_count=1103 78 1025 1001 801 755 734 489 452 398 137 41 54 200 261 235 184 108 46 76 245 180 160 95 65 103 66 50 75 51
shrinkage=1


Tree=6
num_leaves=31
num_cat=0
split_feature=15 5 5 15 7 17 18 28 29 29 3 21 2 22 19 4 3 1 1 2 11 23 7 21 23 16 16 17 30 1
split_gain=46.5546 88.1727 50.772 43.8456 69.6988 52.8695 66.8349 43.8068 57.309 61.3548 47.558 58.7659 41.5175 97.8853 48.9834 40.5504 52.7499 38.3338 30.9876 45.49 29.9447 38.9641 37.7103 27.8156 40.1473 30.2734 27.2151 23.6923 22.8579 32.5422
threshold=8.9850000000000012 -4.9699999999999998 -13.054999999999998 17.830000000000002 -2.5449999999999995 47.750000000000007 35.855000000000011 0.075000000000000025 39.70000000000001 37.650000000000013 0.28500000000000009 890.94500000000016 4.3500000000000005 -29.374999999999996 15.835000000000003 -32.494999999999997 -3.3749999999999996 3.5950000000000002 2.9950000000000006 2.3500000000000001 1.3350000000000002 -6.6849999999999996 -2.3449999999999993 889.11500000000012 -14.019999999999998 25.535000000000004 31.405000000000005 38.95000000000001 16.150000000000002 2.0250000000000004
decision_type=2 2 2 2 2 2 2 2 2 2 2 2 2 2 2 2 2 2 2 2 2 2 2 2 2 2 2 2 2 2
left_child=1 2 17 4 5 6 18 8 9 12 11 -9 14 -14 -5 -16 -17 -1 19 -2 21 23 -22 24 -18 -26 -8 -13 29 -25
right_child=3 -3 -4 7 -6 -7 26 10 -10 -11 -12 27 13 -15 15 16 20 -19 -20 -21 22 -23 -24 28 25 -27 -28 -29 -30 -31
leaf_value=1.393009285669069 0.33119576375931503 2.2736721336841583 -0.7158241814800671 -1.2456901451306683 -1.8549537591395839 1.0307771797691072 -0.70092978700995445 -2.4143829054775692 1.7589673836316382 -1.5233653997597487 0.64127424650866049 0.35503743453459308 -0.24784325559933981 2.0557634264230726 1.4738349907454991 -1.0756098773134382 -0.31826670686988268 0.038510385047023497 0.3553064507368493 -1.5246720014672195 1.7500613051652909 -1.2370037822560831 0.060325499091829569 -0.27299889038232239 0.33733233256155953 1.66222852319479 -2.2068935775508485 -1.0549859764197698 -0.71033024614633511 0.53536053066868539
leaf_weight=37 25 24 42 28 31 28 24 21 21 23 23 22 39 35 21 38 34 48 73 28 25 22 28 110 34 35 24 26 43 91
leaf_count=37 25 24 42 28 31 28 24 21 21 23 23 22 39 35 21 38 34 48 73 28 25 22 28 110 34 35 24 26 43 91
internal_value=0 0.51585 0.183663 -0.0818208 -0.458812 -0.244552 -0.449778 0.0403474 0.134898 0.0786188 -0.604039 -1.01914 0.141819 0.8417 0.0400679 0.114915 0.0528768 0.628116 -0.0672504 -0.649263 0.154494 0.053539 0.857371 0.13536 0.571128 1.00938 -1.45391 -0.408725 -0.0485913 0.0929748
internal_weight=0 151 127 952 233 202 174 719 627 606 92 69 583 74 509 481 460 85 126 53 422 369 53 347 103 69 48 48 244 201
internal_count=1103 151 127 952 233 202 174 719 627 606 92 69 583 74 509 481 460 85 126 53 422 369 53 347 103 69 48 48 244 201
shrinkage=1


Tree=7
num_leaves=31
num_cat=0
split_feature=30 4 29 8 13 20 32 31 29 20 10 30 32 12 22 18 11 16 22 29 8 1 21 8 0 0 27 10 21 16
split_gain=41.5783 70.473 40.1445 47.6241 38.9074 36.8689 66.3733 49.5866 39.0898 40.4701 34.1414 33.9845 42.6675 31.4148 41.3741 32.2842 30.0425 37.2606 33.8034 30.1647 29.5985 29.1061 28.5662 37.6507 26.3836 28.7437 24.5532 24.1748 23.9699 19.9325
threshold=10.15 -12.41 17.150000000000002 1028.4600000000003 2.8600000000000008 -10.529999999999999 2.7500000000000004 8.8500000000000032 35.150000000000013 -9.9649999999999981 0.49500000000000005 8.0500000000000007 1.0500000000000003 0.37500000000000006 -29.504999999999999 28.975000000000005 0.95500000000000007 14.330000000000002 -26.394999999999996 24.150000000000002 1043.0000000000002 2.9550000000000005 887.97500000000014 1025.2250000000001 11.520000000000001 15.655000000000003 5.9000000000000012 0.12500000000000003 895.58500000000015 24.375000000000004
decision_type=2 2 2 2 2 2 2 2 2 2 2 2 2 2 2 2 2 2 2 2 2 2 2 2 2 2 2 2 2 2
left_child=2 5 4 -4 10 7 8 13 9 -7 27 12 -5 14 15 28 17 -11 -19 -18 -17 -8 -15 -24 -25 -26 -23 29 -2 -1
right_child=1 -3 3 11 -6 6 21 -9 -10 16 -12 -13 -14 22 -16 20 19 18 -20 -21 -22 26 23 24 25 -27 -28 -29 -30 -31
leaf_value=-0.039027903349382213 1.2530674175137566 -1.71302639775806 2.1700469940900802 -0.078374910950660709 1.1775613771035121 -1.4413898199796678 0.26875768601894379 1.22098100141279 1.3117982149124146 -0.59601600469090044 -1.2689652799264244 -0.28020707924057403 1.612742053294504 -0.32020003606875735 -1.6610294453461061 -1.6204592280089856 0.01027940277089464 0.36560989053838927 1.9228592909872533 -1.4313223844482785 0.079358242097355064 -0.82976722007983228 1.6078453569308571 -0.027852262710423573 1.4503281731759348 -0.007365314445147912 -2.0455813056614716 0.47364058100751466 -0.25784081291584743 -1.1381324367089705
leaf_weight=66 21 27 20 25 26 20 20 38 22 25 23 37 37 75 22 20 47 46 20 21 21 98 23 115 31 24 20 70 21 22
leaf_count=66 21 27 20 25 26 20 20 38 22 25 23 37 37 75 22 20 47 46 20 21 21 98 23 115 31 24 20 70 21 22
internal_value=0 -0.12576 0.299742 0.762566 0.0336738 -0.0686188 -0.312748 0.132743 0.0538904 -0.100713 -0.130642 0.478226 0.93084 0.0218774 -0.441767 -0.118589 0.0679258 0.44368 0.837504 -0.434921 -0.749821 -0.846766 0.203529 0.407051 0.244591 0.814244 -1.03584 0.0350638 0.497613 -0.313804
internal_weight=0 777 326 119 207 750 339 411 201 179 181 99 62 373 105 83 159 91 66 68 41 138 268 193 170 55 118 158 42 88
internal_count=1103 777 326 119 207 750 339 411 201 179 181 99 62 373 105 83 159 91 66 68 41 138 268 193 170 55 118 158 42 88
shrinkage=1


Tree=8
num_leaves=31
num_cat=0
split_feature=3 3 33 1 21 19 2 9 11 8 15 4 32 33 16 33 7 4 17 17 1 29 30 27 31 7 31 32 13 2
split_gain=32.9646 45.4077 43.2787 40.7063 59.1663 45.7313 29.7405 30.6409 27.8091 29.4633 24.4293 23.8935 22.6413 22.4666 21.1561 24.817 26.3316 19.0682 23.3356 20.4353 18.5905 17.8808 21.3789 18.0164 17.7935 25.8837 17.6595 19.5638 27.6075 17.3871
threshold=-3.6349999999999993 -3.9999999999999996 1.1500000000000001 1.5550000000000004 887.13999999999999 30.245000000000001 4.2500000000000009 -9.6149999999999967 0.35500000000000004 1033.9900000000002 85.750000000000014 -20.054999999999996 2.4500000000000006 3.2500000000000004 22.980000000000004 2.0500000000000003 -0.77999999999999992 -24.194999999999997 15.570000000000002 25.895000000000003 1.3350000000000002 36.250000000000007 14.850000000000003 2.1100000000000003 4.3500000000000005 -2.1649999999999996 3.9500000000000006 1.9500000000000002 0.47500000000000003 2.6500000000000008
decision_type=2 2 2 2 2 2 2 2 2 2 2 2 2 2 2 2 2 2 2 2 2 2 2 2 2 2 2 2 2 2
left_child=1 2 -1 4 -2 10 8 -8 9 17 -6 13 -3 -9 29 16 21 18 -5 -19 -7 22 -16 -24 -17 -26 -4 28 -28 -10
right_child=3 12 26 6 5 20 7 11 14 -11 -12 -13 -14 -15 15 24 -18 19 -20 -21 -22 -23 23 -25 25 -27 27 -29 -30 -31
leaf_value=-1.1454182254231495 1.580275198084212 2.0283136554062366 1.0782708150442117 -0.49871958345174788 1.3871022417689816 -0.48312616606171316 -0.54633863308117725 -0.4638588571548462 -0.10763371204957366 -0.11769805272420247 -0.013522924482822418 1.3763811091581981 0.54163078032433987 0.8638329779585967 -0.33240761134730673 -1.3058222363889218 0.9043735945597291 0.20347226994193118 -1.8600124193026739 -0.99686079049432597 0.40301278326660395 -0.87237870161022457 0.78400122349460921 -0.30397290955095185 -0.16009107228213301 -1.4106143914163112 0.41239686806996662 0.4727179609692177 -1.2292553524021059 1.2109675094485284
leaf_weight=23 31 21 26 20 33 91 32 25 20 75 20 27 20 26 87 25 28 23 34 37 32 28 45 23 96 20 21 74 20 20
leaf_count=23 31 21 26 20 33 91 32 25 20 75 20 27 20 26 87 25 28 23 34 37 32 28 45 23 96 20 21 74 20 20
internal_value=0 0.361824 0.126505 -0.0825991 0.306398 0.0820218 -0.199129 0.27766 -0.289399 -0.604477 0.858564 0.615711 1.3031 0.213004 -0.137487 -0.2158 0.00125627 -0.924726 -1.35583 -0.536733 -0.252586 -0.136926 -0.00406957 0.41601 -0.540614 -0.375699 0.333982 0.165707 -0.388409 0.551667
internal_weight=0 205 164 898 207 176 691 110 581 189 53 78 41 51 392 352 211 114 54 60 123 183 155 68 141 116 141 115 41 40
internal_count=1103 205 164 898 207 176 691 110 581 189 53 78 41 51 392 352 211 114 54 60 123 183 155 68 141 116 141 115 41 40
shrinkage=1


Tree=9
num_leaves=31
num_cat=0
split_feature=17 3 28 8 18 4 8 18 15 12 25 16 32 1 23 5 16 11 15 11 16 15 13 23 5 31 1 13 28 16
split_gain=26.1301 23.7262 19.568 26.587 31.0711 36.8141 23.9622 21.8534 21.7065 26.8486 20.9035 19.2835 25.0974 20.5381 18.899 17.455 14.9955 21.7041 32.4114 22.0441 12.5113 12.3656 15.7698 14.0247 18.8683 13.4285 12.0229 11.8516 11.2739 17.605
threshold=15.570000000000002 -1.9349999999999998 0.055000000000000007 1021.4400000000002 55.425000000000004 -13.514999999999999 1022.0750000000002 48.625000000000007 81.750000000000014 1.0150000000000003 1.1950000000000001 17.520000000000003 0.25000000000000006 2.0450000000000004 -7.1999999999999984 -15.494999999999999 6.0100000000000007 0.15500000000000003 25.540000000000003 0.10500000000000002 71.575000000000031 61.750000000000007 1.0150000000000003 -20.044999999999998 -21.224999999999998 5.6500000000000012 2.1150000000000007 0.44500000000000006 0.27500000000000008 26.225000000000005
decision_type=2 2 2 2 2 2 2 2 2 2 2 2 2 2 2 2 2 2 2 2 2 2 2 2 2 2 2 2 2 2
left_child=1 -1 3 4 5 10 -5 28 11 15 -2 13 -13 -8 20 -10 -15 19 27 -18 21 22 23 24 -14 -24 -9 -19 29 -4
right_child=2 -3 7 6 -6 -7 8 26 9 -11 -12 12 14 16 -16 -17 17 18 -20 -21 -22 -23 25 -25 -26 -27 -28 -29 -30 -31
leaf_value=0.015804918029823818 -0.095602659318520092 1.1561152342086036 0.85798334781653607 0.93953960157930849 -1.481477712209408 0.83209020023544633 -0.50040238315975938 0.39343757711743055 -0.12495222836732864 -0.50418640988377428 -1.0290684149144811 0.6857252364548353 -0.067123167216777802 -0.35122257170657956 0.61272713206708429 0.9659723994406787 0.40071841216448584 0.16898986235970542 0.91162693322985433 1.7113368170601981 0.30820265226066113 -0.95296966211824885 -0.31109607162383884 -0.10279121635134734 -1.2967091861825724 -1.2929811672617992 1.2975104361151655 -0.81743745403043155 -0.5626787621251963 -0.15311105476290571
leaf_weight=37 49 36 26 25 26 24 43 38 20 26 47 26 24 31 20 55 33 21 30 21 24 41 26 167 26 30 24 29 27 51
leaf_count=37 49 36 26 25 26 24 43 38 20 26 47 26 24 31 20 55 33 21 30 21 24 41 26 167 26 30 24 29 27 51
internal_value=0 0.57815 -0.0409757 -0.101392 -0.490404 -0.275672 -0.0222888 0.273479 -0.0569868 0.371491 -0.552612 -0.130089 -0.262919 0.115137 -0.331815 0.675059 0.27555 0.42055 0.0898989 0.910403 -0.387705 -0.440896 -0.363991 -0.241896 -0.706508 -0.837106 0.743401 -0.403138 -0.00666753 0.188297
internal_weight=0 73 1030 864 146 120 718 166 693 101 96 592 384 208 358 75 165 134 80 54 338 314 273 217 50 56 62 50 104 77
internal_count=1103 73 1030 864 146 120 718 166 693 101 96 592 384 208 358 75 165 134 80 54 338 314 273 217 50 56 62 50 104 77
shrinkage=1


end of trees

feature importances:
Column_3=19
Column_16=19
Column_21=17
Column_1=16
Column_15=15
Column_29=15
Column_8=14
Column_11=14
Column_23=14
Column_13=12
Column_4=11
Column_30=11
Column_17=10
Column_20=10
Column_31=9
Column_10=8
Column_12=8
Column_22=8
Column_32=8
Column_9=7
Column_25=7
Column_33=7
Column_0=5
Column_5=5
Column_7=5
Column_18=5
Column_27=5
Column_2=4
Column_19=4
Column_24=3
Column_28=3
Column_14=1
Column_26=1

parameters:
[boosting: gbdt]
[objective: regression]
[metric: auc,l2]
[tree_learner: serial]
[device_type: cpu]
[data: ]
[valid: ]
[num_iterations: 100]
[learning_rate: 1]
[num_leaves: 31]
[num_threads: 0]
[max_depth: -1]
[min_data_in_leaf: 20]
[min_sum_hessian_in_leaf: 0.001]
[bagging_fraction: 0.8]
[pos_bagging_fraction: 1]
[neg_bagging_fraction: 1]
[bagging_freq: 5]
[bagging_seed: 3]
[feature_fraction: 0.9]
[feature_fraction_bynode: 1]
[feature_fraction_seed: 2]
[early_stopping_round: 0]
[first_metric_only: 0]
[max_delta_step: 0]
[lambda_l1: 0]
[lambda_l2: 0]
[min_gain_to_split: 0]
[drop_rate: 0.1]
[max_drop: 50]
[skip_drop: 0.5]
[xgboost_dart_mode: 0]
[uniform_drop: 0]
[drop_seed: 4]
[top_rate: 0.2]
[other_rate: 0.1]
[min_data_per_group: 100]
[max_cat_threshold: 32]
[cat_l2: 10]
[cat_smooth: 10]
[max_cat_to_onehot: 4]
[top_k: 20]
[monotone_constraints: ]
[feature_contri: ]
[forcedsplits_filename: ]
[forcedbins_filename: ]
[refit_decay_rate: 0.9]
[cegb_tradeoff: 1]
[cegb_penalty_split: 0]
[cegb_penalty_feature_lazy: ]
[cegb_penalty_feature_coupled: ]
[verbosity: 1]
[max_bin: 255]
[max_bin_by_feature: ]
[min_data_in_bin: 3]
[bin_construct_sample_cnt: 200000]
[histogram_pool_size: -1]
[data_random_seed: 1]
[output_model: LightGBM_model.txt]
[snapshot_freq: -1]
[input_model: ]
[output_result: LightGBM_predict_result.txt]
[initscore_filename: ]
[valid_data_initscores: ]
[pre_partition: 0]
[enable_bundle: 1]
[max_conflict_rate: 0]
[is_enable_sparse: 1]
[sparse_threshold: 0.8]
[use_missing: 1]
[zero_as_missing: 0]
[two_round: 0]
[save_binary: 0]
[header: 0]
[label_column: ]
[weight_column: ]
[group_column: ]
[ignore_column: ]
[categorical_feature: ]
[predict_raw_score: 0]
[predict_leaf_index: 0]
[predict_contrib: 0]
[num_iteration_predict: -1]
[pred_early_stop: 0]
[pred_early_stop_freq: 10]
[pred_early_stop_margin: 10]
[convert_model_language: ]
[convert_model: gbdt_prediction.cpp]
[num_class: 1]
[is_unbalance: 0]
[scale_pos_weight: 1]
[sigmoid: 1]
[boost_from_average: 1]
[reg_sqrt: 0]
[alpha: 0.9]
[fair_c: 1]
[poisson_max_delta_step: 0.7]
[tweedie_variance_power: 1.5]
[max_position: 20]
[lambdamart_norm: 1]
[label_gain: ]
[metric_freq: 1]
[is_provide_training_metric: 0]
[eval_at: ]
[multi_error_top_k: 1]
[num_machines: 1]
[local_listen_port: 12400]
[time_out: 120]
[machine_list_filename: ]
[machines: ]
[gpu_platform_id: -1]
[gpu_device_id: -1]
[gpu_use_dp: 0]

end of parameters

pandas_categorical:null
